1688,1611,1900
1690,1610,1900
1691,1610,1900
1693,1609,1900
1695,1608,1900
1697,1608,1900
1699,1607,1900
1701,1606,1900
1703,1606,1900
1704,1605,1900
1706,1604,1900
1708,1604,1900
1710,1603,1900
1712,1603,1900
1714,1602,1900
1716,1601,1900
1717,1601,1900
1719,1600,1900
1721,1600,1900
1723,1599,1900
1725,1599,1900
1727,1598,1900
1728,1598,1900
1730,1597,1900
1732,1597,1900
1734,1596,1900
1736,1596,1900
1737,1596,1900
1739,1595,1900
1741,1595,1900
1743,1594,1900
1745,1594,1900
1747,1594,1900
1748,1593,1900
1750,1593,1900
1752,1593,1900
1754,1592,1900
1756,1592,1900
1757,1592,1900
1759,1591,1900
1761,1591,1900
1763,1591,1900
1765,1591,1900
1766,1590,1900
1768,1590,1900
1770,1590,1900
1772,1590,1900
1774,1590,1900
1775,1590,1900
1777,1589,1900
1779,1589,1900
1781,1589,1900
1783,1589,1900
1785,1589,1900
1786,1589,1900
1788,1589,1900
1790,1589,1900
1792,1589,1900
1794,1589,1900
1795,1589,1900
1797,1589,1900
1792,1583,1900
1786,1577,1900
1781,1571,1900
1775,1565,1900
1769,1559,1900
1764,1553,1900
1758,1547,1900
1752,1541,1900
1746,1535,1900
1740,1529,1900
1735,1523,1900
1729,1517,1900
1723,1511,1900
1717,1505,1900
1711,1499,1900
1705,1492,1900
1699,1486,1900
1693,1480,1900
1686,1474,1900
1680,1468,1900
1674,1462,1900
1668,1455,1900
1662,1449,1900
1655,1443,1900
1649,1437,1900
1643,1430,1900
1637,1424,1900
1630,1418,1900
1624,1411,1900
1618,1405,1900
1612,1399,1900
1605,1392,1900
1599,1386,1900
1593,1380,1900
1586,1373,1900
1580,1367,1900
1574,1360,1900
1567,1354,1900
1561,1348,1900
1554,1341,1900
1548,1335,1900
1542,1328,1900
1535,1322,1900
1529,1315,1900
1523,1309,1900
1516,1303,1900
1510,1296,1900
1504,1290,1900
1497,1283,1900
1491,1277,1900
1485,1271,1900
1479,1264,1900
1472,1258,1900
1466,1251,1900
1460,1245,1900
1454,1239,1900
1447,1232,1900
1441,1226,1900
1435,1220,1900
1429,1213,1900
1428,1214,1900
1428,1216,1900
1428,1217,1900
1428,1218,1900
1427,1219,1900
1427,1221,1900
1427,1222,1900
1426,1223,1900
1426,1224,1900
1425,1226,1900
1425,1227,1900
1425,1228,1900
1424,1230,1900
1424,1231,1900
1423,1232,1900
1423,1234,1900
1422,1235,1900
1422,1236,1900
1421,1238,1900
1421,1239,1900
1420,1240,1900
1420,1242,1900
1419,1243,1900
1419,1244,1900
1418,1246,1900
1418,1247,1900
1417,1248,1900
1416,1250,1900
1416,1251,1900
1415,1253,1900
1414,1254,1900
1414,1255,1900
1413,1257,1900
1412,1258,1900
1412,1260,1900
1411,1261,1900
1410,1263,1900
1410,1264,1900
1409,1265,1900
1408,1267,1900
1407,1268,1900
1406,1270,1900
1406,1271,1900
1405,1273,1900
1404,1274,1900
1403,1276,1900
1402,1277,1900
1402,1279,1900
1401,1280,1900
1400,1282,1900
1399,1283,1900
1398,1285,1900
1397,1286,1900
1396,1288,1900
1395,1290,1900
1394,1291,1900
1394,1293,1900
1393,1294,1900
1392,1296,1900
1391,1297,1900
1396,1302,1900
1401,1307,1900
1406,1312,1900
1411,1317,1900
1417,1322,1900
1422,1327,1900
1427,1332,1900
1432,1337,1900
1437,1342,1900
1443,1347,1900
1448,1352,1900
1453,1357,1900
1458,1362,1900
1463,1367,1900
1468,1372,1900
1473,1377,1900
1478,1382,1900
1483,1387,1900
1488,1393,1900
1494,1398,1900
1499,1403,1900
1504,1408,1900
1509,1413,1900
1514,1418,1900
1519,1424,1900
1524,1429,1900
1529,1434,1900
1533,1439,1900
1538,1444,1900
1543,1450,1900
1548,1455,1900
1553,1460,1900
1558,1465,1900
1563,1471,1900
1568,1476,1900
1572,1481,1900
1577,1487,1900
1582,1492,1900
1587,1497,1900
1591,1502,1900
1596,1508,1900
1601,1513,1900
1605,1518,1900
1610,1524,1900
1614,1529,1900
1619,1534,1900
1624,1540,1900
1628,1545,1900
1633,1550,1900
1637,1556,1900
1641,1561,1900
1646,1566,1900
1650,1572,1900
1654,1577,1900
1659,1583,1900
1663,1588,1900
1667,1593,1900
1671,1599,1900
