1747,1634,1900
1745,1630,1900
1742,1627,1900
1739,1623,1900
1736,1619,1900
1733,1616,1900
1730,1612,1900
1727,1608,1900
1724,1605,1900
1721,1601,1900
1718,1597,1900
1715,1594,1900
1712,1590,1900
1709,1586,1900
1706,1583,1900
1703,1579,1900
1700,1575,1900
1697,1571,1900
1694,1568,1900
1691,1564,1900
1688,1560,1900
1685,1557,1900
1681,1553,1900
1678,1549,1900
1675,1546,1900
1672,1542,1900
1669,1538,1900
1665,1534,1900
1662,1531,1900
1659,1527,1900
1656,1523,1900
1652,1520,1900
1649,1516,1900
1646,1512,1900
1642,1509,1900
1639,1505,1900
1636,1501,1900
1632,1497,1900
1629,1494,1900
1626,1490,1900
1622,1486,1900
1619,1483,1900
1616,1479,1900
1612,1475,1900
1609,1471,1900
1605,1468,1900
1602,1464,1900
1598,1460,1900
1595,1457,1900
1591,1453,1900
1588,1449,1900
1584,1445,1900
1581,1442,1900
1577,1438,1900
1574,1434,1900
1570,1431,1900
1567,1427,1900
1563,1423,1900
1560,1420,1900
1556,1416,1900
1553,1412,1900
1549,1408,1900
1546,1405,1900
1542,1401,1900
1539,1397,1900
1535,1394,1900
1531,1390,1900
1528,1386,1900
1524,1383,1900
1521,1379,1900
1517,1375,1900
1513,1372,1900
1510,1368,1900
1506,1364,1900
1503,1361,1900
1499,1357,1900
1495,1353,1900
1492,1350,1900
1488,1346,1900
1484,1342,1900
1481,1339,1900
1477,1335,1900
1474,1332,1900
1470,1328,1900
1466,1324,1900
1463,1321,1900
1459,1317,1900
1455,1314,1900
1452,1310,1900
1448,1306,1900
1444,1303,1900
1441,1299,1900
1437,1296,1900
1433,1292,1900
1430,1289,1900
1426,1285,1900
1422,1282,1900
1419,1278,1900
1415,1275,1900
1411,1271,1900
1408,1268,1900
1404,1264,1900
1400,1261,1900
1397,1257,1900
1393,1254,1900
1389,1250,1900
1386,1247,1900
1382,1243,1900
1378,1240,1900
1375,1237,1900
1371,1233,1900
1367,1230,1900
1364,1226,1900
1360,1223,1900
1356,1220,1900
1353,1216,1900
1349,1213,1900
1345,1210,1900
1342,1206,1900
1338,1203,1900
1334,1200,1900
1331,1197,1900
1327,1193,1900
1323,1190,1900
1320,1187,1900
1316,1184,1900
1313,1181,1900
1309,1177,1900
1305,1174,1900
1302,1171,1900
1298,1168,1900
1294,1165,1900
1291,1162,1900
1287,1159,1900
1283,1156,1900
1280,1153,1900
1276,1149,1900
1272,1146,1900
1269,1143,1900
1265,1141,1900
1261,1138,1900
1258,1135,1900
1254,1132,1900
1251,1129,1900
1247,1126,1900
1243,1123,1900
1240,1120,1900
1236,1117,1900
1232,1114,1900
